
%liczba neuronów ukrytych: 1, liczba wejœæ sieci: 4
%wejœcie 1: u(k-5)
%wejœcie 2: u(k-6)
%wejœcie 3: y(k-1)
%wejœcie 4: y(k-2)
%uczenie w trybie OE
w10(1,1)=2.3702850742e-001; w1(1,1)=-1.7728801433e-001; w1(1,2)=3.6627785574e-001; w1(1,3)=3.3877675937e-001; w1(1,4)=2.8503273692e-001; 
w20=-3.4420435209e-001; w2(1)=1.5313608508e+000; 

