
%liczba neuronów ukrytych: 8, liczba wejœæ sieci: 4
%wejœcie 1: u(k-5)
%wejœcie 2: u(k-6)
%wejœcie 3: y(k-1)
%wejœcie 4: y(k-2)
%uczenie w trybie OE
w10(1,1)=-7.5439464038e-001; w1(1,1)=-2.4729260747e-001; w1(1,2)=2.1618095860e-001; w1(1,3)=1.3359820237e-001; w1(1,4)=-5.8677024284e-001; 
w10(2,1)=4.4940855926e-002; w1(2,1)=-1.1527615738e+000; w1(2,2)=-3.0334457972e-002; w1(2,3)=-6.2598120076e-001; w1(2,4)=3.4160399221e-001; 
w10(3,1)=-8.9519937766e-001; w1(3,1)=1.9962520740e+000; w1(3,2)=3.2069660162e-001; w1(3,3)=7.6220186302e-001; w1(3,4)=-5.2518129694e-001; 
w10(4,1)=-2.1199101214e-001; w1(4,1)=1.8592984543e-001; w1(4,2)=-3.1615014427e-001; w1(4,3)=-1.5501919643e+000; w1(4,4)=1.2909028419e+000; 
w10(5,1)=6.9720807584e-001; w1(5,1)=-9.7487164023e-002; w1(5,2)=1.1623968610e-001; w1(5,3)=-5.5126805074e-002; w1(5,4)=-5.2284139926e-001; 
w10(6,1)=-1.7680498293e-001; w1(6,1)=-3.9689581962e-001; w1(6,2)=-1.5263336482e-001; w1(6,3)=-5.2756825763e-001; w1(6,4)=5.6212207388e-001; 
w10(7,1)=2.6054205492e-001; w1(7,1)=1.6637103093e+000; w1(7,2)=2.4489524567e+000; w1(7,3)=3.7552421676e-002; w1(7,4)=-3.3059585842e-002; 
w10(8,1)=-5.7468889881e-001; w1(8,1)=2.4135554671e+000; w1(8,2)=-6.9066250808e-002; w1(8,3)=6.0784960052e-001; w1(8,4)=-8.3426547907e-001; 
w20=-3.8317011942e-001; w2(1)=-1.2014429213e+000; w2(2)=-4.8003235080e-002; w2(3)=-6.1687596498e-002; w2(4)=-1.1175435762e+000; w2(5)=-9.3511553201e-001; w2(6)=3.6100482489e-001; w2(7)=2.5383062952e-002; w2(8)=7.3579113574e-002; 

