
%liczba neuronów ukrytych: 10, liczba wejœæ sieci: 4
%wejœcie 1: u(k-1)
%wejœcie 2: u(k-2)
%wejœcie 3: y(k-1)
%wejœcie 4: y(k-2)
%uczenie w trybie OE
w10(1,1)=-3.5575362842e-001; w1(1,1)=-1.4520320387e-002; w1(1,2)=-2.6389035127e-002; w1(1,3)=2.8430233041e-001; w1(1,4)=2.1554628236e-001; 
w10(2,1)=-6.1384687161e-002; w1(2,1)=-5.9167179030e-001; w1(2,2)=6.4257262847e-001; w1(2,3)=3.8634842010e-001; w1(2,4)=2.9784368729e-001; 
w10(3,1)=-5.1115983517e-002; w1(3,1)=1.2163440260e-001; w1(3,2)=-3.8841980487e-002; w1(3,3)=5.2404670938e-001; w1(3,4)=-1.7076092334e-002; 
w10(4,1)=1.2572592643e-001; w1(4,1)=-2.2001824973e-001; w1(4,2)=-2.5245074895e-001; w1(4,3)=4.5087157132e-001; w1(4,4)=3.1982577746e-001; 
w10(5,1)=2.4302445041e-002; w1(5,1)=-9.2601748548e-002; w1(5,2)=-5.1963968474e-002; w1(5,3)=7.7206833589e-002; w1(5,4)=-4.4953648509e-001; 
w10(6,1)=-2.2527717031e-001; w1(6,1)=-2.2695241862e-001; w1(6,2)=-1.2698653015e-002; w1(6,3)=1.3407267831e+000; w1(6,4)=-9.9811046732e-001; 
w10(7,1)=-1.6559162207e-001; w1(7,1)=-3.0469028752e-001; w1(7,2)=-1.4540310711e-001; w1(7,3)=-5.8615810724e-001; w1(7,4)=6.3682562454e-001; 
w10(8,1)=1.4380869347e-001; w1(8,1)=-6.7376733131e-001; w1(8,2)=-2.0811276979e-001; w1(8,3)=-3.9809267501e-001; w1(8,4)=8.0011919247e-001; 
w10(9,1)=-2.2268213069e-002; w1(9,1)=6.4517109650e-001; w1(9,2)=-1.0399268319e+000; w1(9,3)=-1.5730136199e-001; w1(9,4)=6.5743768499e-001; 
w10(10,1)=-1.6999439674e-002; w1(10,1)=-3.3855521642e-001; w1(10,2)=-1.6778895276e-001; w1(10,3)=-1.1507654405e-001; w1(10,4)=3.3317168558e-001; 
w20=1.6898436101e-001; w2(1)=-4.6244883962e-003; w2(2)=4.2280363199e-001; w2(3)=8.0470105555e-002; w2(4)=1.9576608837e-001; w2(5)=-2.8924882974e-001; w2(6)=8.7960795938e-001; w2(7)=-3.2788796974e-001; w2(8)=-1.7116276061e-001; w2(9)=1.5553016581e-001; w2(10)=-3.4060974772e-001; 

